brt17.atsp
Results Swap:[55.0, 55.0, 51.0, 62.0, 50.0, 56.0, 64.0, 52.0, 48.0, 56.0]
Results Inversion:[39.0, 39.0, 39.0, 39.0, 39.0, 39.0, 39.0, 39.0, 39.0, 39.0]
Results Scramble:[39.0, 39.0, 39.0, 39.0, 39.0, 39.0, 39.0, 39.0, 39.0, 39.0]
Best result ever found: 39

ftv33.atsp
Results Swap:[3219.0, 3134.0, 3347.0, 3107.0, 3130.0, 3119.0, 3225.0, 3118.0, 3239.0, 3276.0]
Results Inversion:[2145.0, 2122.0, 1753.0000000000002, 1938.0000000000002, 2055.0, 2096.0, 1931.9999999999998, 1920.0, 1896.0000000000002, 2140.0]
Results Scramble:[2080.0, 2207.0, 2132.0, 2275.0, 2044.0, 2193.0, 2072.0, 2053.0, 2130.0, 2196.0]
Best result ever found: 1286

ft53.atsp
Results Swap:[20926.0, 20334.0, 20370.0, 20916.0, 21030.0, 20348.0, 20117.0, 21086.0, 20083.0, 20860.0]
Results Inversion:[12658.0, 12433.0, 12485.0, 12897.000000000002, 12564.0, 13596.000000000002, 12639.0, 11704.0, 12128.0, 13321.000000000002]
Results Scramble:[14552.0, 13632.0, 15813.000000000002, 15559.000000000002, 13149.000000000002, 14476.0, 14458.999999999998, 15818.000000000002, 14626.999999999998, 14850.000000000002]
Best result ever found: 6905

kro124p.atsp
Results Swap:[156510.0, 154764.0, 154832.0, 154369.0, 154286.0, 154549.0, 152264.0, 152844.0, 158667.0, 158393.0]
Results Inversion:[97122.0, 93198.0, 94304.0, 93121.0, 89493.0, 93358.0, 100250.99999999999, 92884.0, 94764.0, 100667.0]
Results Scramble:[114829.0, 119122.0, 122779.99999999999, 129306.0, 125111.0, 121220.0, 126079.00000000001, 122719.0, 120119.0, 138031.0]
Best result ever found: 36230